tsel: 0.0006770982742309571
trep: 0.3162113275527954
tsort: 0.20483743858337403
teval: 46.529183621518314 (one evaluation)
